Светив Сергей 3 2 4 4 
Чернеев Сергей 2 2 5 5 3 2 4 3 
Светрев Митя 2 4 5 4 2 4 4 
Танкеев Костя 4 4 3 5 4 5 4 4 4 
Горрев Федосей 5 3 2 3 2 4 3 
Горрев Барин 4 2 5 3 
Горфан Петр 3 2 3 3 5 
Городов Алексей 5 3 5 3 3 2 4 5 4 
Городфан Митя 2 2 2 2 2 3 2 
Городван Егор 3 2 4 4 5 2 2 5 
Троллейбусив Костя 4 4 3 2 3 
Троллейбусив Алексей 4 4 2 2 
Танкван Иван 3 4 2 4 5 2 2 4 
Горфан Федосей 2 3 3 2 
Светеев Барин 2 4 4 3 5 4 5 4 
Троллейбусеев Митя 2 2 2 4 5 4 
Чернеев Андрей 3 4 2 3 2 2 3 
Танкрев Алексей 2 4 4 5 
Чернрев Алексей 4 2 3 2 5 
Танкфан Алексей 2 5 4 5 4 4 3 
Городив Барин 4 3 3 5 2 2 
Гореев Егор 2 2 3 2 4 3 5 3 
Танкив Петр 4 5 4 5 3 4 5 2 
Чернеев Сергей 4 3 4 4 2 5 3 3 
Чернфан Сергей 3 5 5 2 4 5 3 2 3 
Горрев Барин 2 5 2 4 
Троллейбусов Егор 4 3 3 5 3 3 3 2 
Чернфан Алексей 5 4 4 5 5 4 5 2 
Танкив Саня 2 3 5 5 2 5 3 
Гореев Иван 3 3 3 2 4 5 2 
